yF = 9.8687e+01 (std: 1.2014e-01) keV/um
yD = 1.8087e+02 (std: 4.4280e-01) keV/um
y (keV/um)     f(y)(std)                  yf(y)(std)                 d(y)(std)                  yd(y)(std)  
1.0610e-01     0.0000e+00  0.0000e+00     0.0000e+00  0.0000e+00     0.0000e+00  0.0000e+00     0.0000e+00  0.0000e+00 
1.1905e-01     0.0000e+00  0.0000e+00     0.0000e+00  0.0000e+00     0.0000e+00  0.0000e+00     0.0000e+00  0.0000e+00 
1.3357e-01     0.0000e+00  0.0000e+00     0.0000e+00  0.0000e+00     0.0000e+00  0.0000e+00     0.0000e+00  0.0000e+00 
1.4987e-01     0.0000e+00  0.0000e+00     0.0000e+00  0.0000e+00     0.0000e+00  0.0000e+00     0.0000e+00  0.0000e+00 
1.6816e-01     0.0000e+00  0.0000e+00     0.0000e+00  0.0000e+00     0.0000e+00  0.0000e+00     0.0000e+00  0.0000e+00 
1.8868e-01     0.0000e+00  0.0000e+00     0.0000e+00  0.0000e+00     0.0000e+00  0.0000e+00     0.0000e+00  0.0000e+00 
2.1170e-01     0.0000e+00  0.0000e+00     0.0000e+00  0.0000e+00     0.0000e+00  0.0000e+00     0.0000e+00  0.0000e+00 
2.3753e-01     0.0000e+00  0.0000e+00     0.0000e+00  0.0000e+00     0.0000e+00  0.0000e+00     0.0000e+00  0.0000e+00 
2.6651e-01     0.0000e+00  0.0000e+00     0.0000e+00  0.0000e+00     0.0000e+00  0.0000e+00     0.0000e+00  0.0000e+00 
2.9903e-01     5.3154e-02  8.2435e-04     1.5895e-02  2.4651e-04     1.6106e-04  2.5055e-06     4.8163e-05  7.4924e-07 
3.3552e-01     1.0587e-01  1.0921e-03     3.5521e-02  3.6642e-04     3.5993e-04  3.7387e-06     1.2077e-04  1.2544e-06 
3.7646e-01     9.7101e-02  1.6492e-03     3.6555e-02  6.2085e-04     3.7041e-04  6.3072e-06     1.3944e-04  2.3744e-06 
4.2240e-01     8.8763e-02  1.1757e-03     3.7493e-02  4.9660e-04     3.7992e-04  5.0533e-06     1.6048e-04  2.1345e-06 
4.7394e-01     8.3105e-02  1.5614e-03     3.9386e-02  7.4000e-04     3.9910e-04  7.5141e-06     1.8915e-04  3.5612e-06 
5.3176e-01     7.7230e-02  1.3939e-03     4.1068e-02  7.4122e-04     4.1614e-04  7.5278e-06     2.2129e-04  4.0030e-06 
5.9665e-01     7.2747e-02  8.1857e-04     4.3404e-02  4.8840e-04     4.3981e-04  4.9778e-06     2.6242e-04  2.9700e-06 
6.6945e-01     6.9847e-02  8.2922e-04     4.6759e-02  5.5512e-04     4.7381e-04  5.6545e-06     3.1719e-04  3.7854e-06 
7.5114e-01     6.6771e-02  6.5380e-04     5.0154e-02  4.9109e-04     5.0821e-04  5.0146e-06     3.8174e-04  3.7666e-06 
8.4279e-01     6.4594e-02  3.9880e-04     5.4439e-02  3.3611e-04     5.5163e-04  3.4713e-06     4.6491e-04  2.9256e-06 
9.4563e-01     6.2615e-02  4.3573e-04     5.9210e-02  4.1204e-04     5.9998e-04  4.2386e-06     5.6735e-04  4.0081e-06 
1.0610e+00     6.0372e-02  1.0886e-03     6.4055e-02  1.1550e-03     6.4907e-04  1.1730e-05     6.8867e-04  1.2446e-05 
1.1905e+00     5.8407e-02  7.1321e-04     6.9532e-02  8.4906e-04     7.0457e-04  8.6462e-06     8.3877e-04  1.0293e-05 
1.3357e+00     5.6269e-02  3.6498e-04     7.5161e-02  4.8752e-04     7.6160e-04  5.0263e-06     1.0173e-03  6.7138e-06 
1.4987e+00     5.4062e-02  3.4545e-04     8.1024e-02  5.1772e-04     8.2102e-04  5.3405e-06     1.2305e-03  8.0038e-06 
1.6816e+00     5.0955e-02  5.2574e-04     8.5685e-02  8.8407e-04     8.6824e-04  9.0204e-06     1.4600e-03  1.5169e-05 
1.8868e+00     4.7231e-02  6.1078e-04     8.9115e-02  1.1524e-03     9.0300e-04  1.1729e-05     1.7038e-03  2.2130e-05 
2.1170e+00     4.3295e-02  4.4759e-04     9.1654e-02  9.4754e-04     9.2873e-04  9.6678e-06     1.9661e-03  2.0467e-05 
2.3753e+00     3.8987e-02  4.3417e-04     9.2605e-02  1.0313e-03     9.3837e-04  1.0512e-05     2.2289e-03  2.4970e-05 
2.6651e+00     3.4200e-02  1.4421e-04     9.1148e-02  3.8433e-04     9.2361e-04  4.0535e-06     2.4615e-03  1.0803e-05 
2.9903e+00     3.0279e-02  3.3280e-04     9.0543e-02  9.9519e-04     9.1747e-04  1.0146e-05     2.7435e-03  3.0340e-05 
3.3552e+00     2.6468e-02  2.1544e-04     8.8805e-02  7.2284e-04     8.9986e-04  7.4060e-06     3.0192e-03  2.4849e-05 
3.7646e+00     2.3156e-02  2.4399e-04     8.7174e-02  9.1854e-04     8.8333e-04  9.3695e-06     3.3254e-03  3.5272e-05 
4.2240e+00     2.0489e-02  1.4246e-04     8.6547e-02  6.0174e-04     8.7698e-04  6.1902e-06     3.7043e-03  2.6147e-05 
4.7394e+00     1.7885e-02  1.1249e-04     8.4763e-02  5.3312e-04     8.5890e-04  5.5024e-06     4.0706e-03  2.6078e-05 
5.3176e+00     1.5671e-02  1.4291e-04     8.3335e-02  7.5994e-04     8.4443e-04  7.7688e-06     4.4904e-03  4.1311e-05 
5.9665e+00     1.3817e-02  1.2840e-04     8.2437e-02  7.6607e-04     8.3534e-04  7.8289e-06     4.9840e-03  4.6711e-05 
6.6945e+00     1.2139e-02  1.1431e-04     8.1266e-02  7.6528e-04     8.2346e-04  7.8191e-06     5.5127e-03  5.2345e-05 
7.5114e+00     1.0690e-02  7.3713e-05     8.0300e-02  5.5368e-04     8.1368e-04  5.6973e-06     6.1118e-03  4.2794e-05 
8.4279e+00     9.4136e-03  6.3109e-05     7.9337e-02  5.3187e-04     8.0392e-04  5.4776e-06     6.7754e-03  4.6165e-05 
9.4563e+00     8.4281e-03  5.4332e-05     7.9699e-02  5.1378e-04     8.0758e-04  5.2981e-06     7.6367e-03  5.0101e-05 
1.0610e+01     7.4877e-03  5.6816e-05     7.9445e-02  6.0283e-04     8.0501e-04  6.1865e-06     8.5413e-03  6.5640e-05 
1.1905e+01     6.6426e-03  6.7764e-05     7.9078e-02  8.0671e-04     8.0130e-04  8.2323e-06     9.5392e-03  9.8004e-05 
1.3357e+01     5.9717e-03  5.8620e-05     7.9765e-02  7.8300e-04     8.0826e-04  7.9949e-06     1.0796e-02  1.0679e-04 
1.4987e+01     5.3948e-03  6.8847e-05     8.0852e-02  1.0318e-03     8.1928e-04  1.0503e-05     1.2279e-02  1.5741e-04 
1.6816e+01     4.9446e-03  6.1492e-05     8.3148e-02  1.0340e-03     8.4254e-04  1.0528e-05     1.4168e-02  1.7704e-04 
1.8868e+01     4.4871e-03  3.9565e-05     8.4662e-02  7.4651e-04     8.5788e-04  7.6361e-06     1.6186e-02  1.4408e-04 
2.1170e+01     3.9756e-03  4.0297e-05     8.4164e-02  8.5309e-04     8.5283e-04  8.7065e-06     1.8054e-02  1.8432e-04 
2.3753e+01     3.3989e-03  2.5535e-05     8.0735e-02  6.0654e-04     8.1809e-04  6.2262e-06     1.9432e-02  1.4789e-04 
2.6651e+01     2.8063e-03  2.7008e-05     7.4791e-02  7.1981e-04     7.5786e-04  7.3519e-06     2.0198e-02  1.9594e-04 
2.9903e+01     2.2585e-03  1.8232e-05     6.7535e-02  5.4520e-04     6.8434e-04  5.5870e-06     2.0464e-02  1.6707e-04 
3.3552e+01     1.7288e-03  2.2088e-05     5.8006e-02  7.4109e-04     5.8777e-04  7.5434e-06     1.9721e-02  2.5310e-04 
3.7646e+01     1.2790e-03  1.2656e-05     4.8149e-02  4.7646e-04     4.8790e-04  4.8643e-06     1.8367e-02  1.8312e-04 
4.2240e+01     9.5680e-04  9.8004e-06     4.0415e-02  4.1397e-04     4.0952e-04  4.2242e-06     1.7298e-02  1.7843e-04 
4.7394e+01     7.5168e-04  8.9895e-06     3.5625e-02  4.2604e-04     3.6098e-04  4.3394e-06     1.7108e-02  2.0566e-04 
5.3176e+01     6.1782e-04  4.6086e-06     3.2853e-02  2.4507e-04     3.3290e-04  2.5162e-06     1.7703e-02  1.3380e-04 
5.9665e+01     5.6528e-04  6.1338e-06     3.3727e-02  3.6597e-04     3.4176e-04  3.7316e-06     2.0391e-02  2.2265e-04 
6.6945e+01     6.6590e-04  5.7325e-06     4.4579e-02  3.8376e-04     4.5171e-04  3.9273e-06     3.0240e-02  2.6292e-04 
7.5114e+01     1.1644e-03  1.0324e-05     8.7460e-02  7.7551e-04     8.8624e-04  7.9319e-06     6.6568e-02  5.9580e-04 
8.4279e+01     2.3334e-03  1.7153e-05     1.9666e-01  1.4457e-03     1.9927e-03  1.4848e-05     1.6795e-01  1.2514e-03 
9.4563e+01     4.2764e-03  2.1353e-05     4.0439e-01  2.0192e-03     4.0977e-03  2.1060e-05     3.8749e-01  1.9915e-03 
1.0610e+02     6.4486e-03  1.5689e-05     6.8420e-01  1.6646e-03     6.9330e-03  1.8861e-05     7.3560e-01  2.0012e-03 
1.1905e+02     7.6562e-03  2.2681e-05     9.1145e-01  2.7001e-03     9.2358e-03  2.9581e-05     1.0995e+00  3.5215e-03 
1.3357e+02     7.0492e-03  1.2992e-05     9.4158e-01  1.7353e-03     9.5411e-03  2.1074e-05     1.2744e+00  2.8149e-03 
1.4987e+02     5.1682e-03  1.9842e-05     7.7456e-01  2.9738e-03     7.8487e-03  3.1612e-05     1.1763e+00  4.7377e-03 
1.6816e+02     3.1568e-03  5.3283e-06     5.3085e-01  8.9600e-04     5.3791e-03  1.1194e-05     9.0454e-01  1.8824e-03 
1.8868e+02     1.7364e-03  9.0204e-06     3.2761e-01  1.7019e-03     3.3197e-03  1.7713e-05     6.2635e-01  3.3420e-03 
2.1170e+02     9.4928e-04  5.9820e-06     2.0096e-01  1.2664e-03     2.0363e-03  1.3070e-05     4.3109e-01  2.7668e-03 
2.3753e+02     5.3121e-04  3.2059e-06     1.2618e-01  7.6150e-04     1.2786e-03  7.8717e-06     3.0370e-01  1.8698e-03 
2.6651e+02     3.0761e-04  2.1846e-06     8.1982e-02  5.8222e-04     8.3072e-04  5.9856e-06     2.2140e-01  1.5953e-03 
2.9903e+02     1.8809e-04  1.0095e-06     5.6244e-02  3.0187e-04     5.6992e-04  3.1365e-06     1.7042e-01  9.3793e-04 
3.3552e+02     1.1943e-04  1.1110e-06     4.0072e-02  3.7276e-04     4.0605e-04  3.8094e-06     1.3624e-01  1.2781e-03 
3.7646e+02     7.8679e-05  1.0445e-06     2.9619e-02  3.9323e-04     3.0013e-04  4.0013e-06     1.1299e-01  1.5063e-03 
4.2240e+02     5.2851e-05  6.9768e-07     2.2324e-02  2.9470e-04     2.2621e-04  2.9988e-06     9.5550e-02  1.2667e-03 
4.7394e+02     3.7382e-05  8.5489e-07     1.7717e-02  4.0516e-04     1.7952e-04  4.1113e-06     8.5083e-02  1.9485e-03 
5.3176e+02     2.5635e-05  1.6153e-06     1.3632e-02  8.5897e-04     1.3813e-04  8.7056e-06     7.3454e-02  4.6293e-03 
5.9665e+02     1.8036e-05  3.1074e-07     1.0761e-02  1.8540e-04     1.0904e-04  1.8834e-06     6.5060e-02  1.1237e-03 
6.6945e+02     1.2807e-05  4.0799e-07     8.5734e-03  2.7313e-04     8.6874e-05  2.7696e-06     5.8158e-02  1.8541e-03 
7.5114e+02     9.0298e-06  1.6381e-07     6.7826e-03  1.2304e-04     6.8728e-05  1.2496e-06     5.1624e-02  9.3860e-04 
8.4279e+02     6.4991e-06  1.6412e-07     5.4774e-03  1.3832e-04     5.5502e-05  1.4032e-06     4.6777e-02  1.1826e-03 
9.4563e+02     5.0668e-06  1.3926e-07     4.7913e-03  1.3168e-04     4.8550e-05  1.3357e-06     4.5911e-02  1.2630e-03 
1.0610e+03     0.0000e+00  0.0000e+00     0.0000e+00  0.0000e+00     0.0000e+00  0.0000e+00     0.0000e+00  0.0000e+00 
1.1905e+03     0.0000e+00  0.0000e+00     0.0000e+00  0.0000e+00     0.0000e+00  0.0000e+00     0.0000e+00  0.0000e+00 
1.3357e+03     0.0000e+00  0.0000e+00     0.0000e+00  0.0000e+00     0.0000e+00  0.0000e+00     0.0000e+00  0.0000e+00 
1.4987e+03     0.0000e+00  0.0000e+00     0.0000e+00  0.0000e+00     0.0000e+00  0.0000e+00     0.0000e+00  0.0000e+00 
1.6816e+03     0.0000e+00  0.0000e+00     0.0000e+00  0.0000e+00     0.0000e+00  0.0000e+00     0.0000e+00  0.0000e+00 
1.8868e+03     0.0000e+00  0.0000e+00     0.0000e+00  0.0000e+00     0.0000e+00  0.0000e+00     0.0000e+00  0.0000e+00 
2.1170e+03     0.0000e+00  0.0000e+00     0.0000e+00  0.0000e+00     0.0000e+00  0.0000e+00     0.0000e+00  0.0000e+00 
2.3753e+03     0.0000e+00  0.0000e+00     0.0000e+00  0.0000e+00     0.0000e+00  0.0000e+00     0.0000e+00  0.0000e+00 
2.6651e+03     0.0000e+00  0.0000e+00     0.0000e+00  0.0000e+00     0.0000e+00  0.0000e+00     0.0000e+00  0.0000e+00 
2.9903e+03     0.0000e+00  0.0000e+00     0.0000e+00  0.0000e+00     0.0000e+00  0.0000e+00     0.0000e+00  0.0000e+00 
3.3552e+03     0.0000e+00  0.0000e+00     0.0000e+00  0.0000e+00     0.0000e+00  0.0000e+00     0.0000e+00  0.0000e+00 
3.7646e+03     0.0000e+00  0.0000e+00     0.0000e+00  0.0000e+00     0.0000e+00  0.0000e+00     0.0000e+00  0.0000e+00 
4.2240e+03     0.0000e+00  0.0000e+00     0.0000e+00  0.0000e+00     0.0000e+00  0.0000e+00     0.0000e+00  0.0000e+00 
4.7394e+03     0.0000e+00  0.0000e+00     0.0000e+00  0.0000e+00     0.0000e+00  0.0000e+00     0.0000e+00  0.0000e+00 
5.3176e+03     0.0000e+00  0.0000e+00     0.0000e+00  0.0000e+00     0.0000e+00  0.0000e+00     0.0000e+00  0.0000e+00 
5.9665e+03     0.0000e+00  0.0000e+00     0.0000e+00  0.0000e+00     0.0000e+00  0.0000e+00     0.0000e+00  0.0000e+00 
6.6945e+03     0.0000e+00  0.0000e+00     0.0000e+00  0.0000e+00     0.0000e+00  0.0000e+00     0.0000e+00  0.0000e+00 
7.5114e+03     0.0000e+00  0.0000e+00     0.0000e+00  0.0000e+00     0.0000e+00  0.0000e+00     0.0000e+00  0.0000e+00 
8.4279e+03     0.0000e+00  0.0000e+00     0.0000e+00  0.0000e+00     0.0000e+00  0.0000e+00     0.0000e+00  0.0000e+00 
9.4563e+03     0.0000e+00  0.0000e+00     0.0000e+00  0.0000e+00     0.0000e+00  0.0000e+00     0.0000e+00  0.0000e+00 
